5.678670189086517439e+00 4.303162404992605161e+00 3.813803807091176168e-03 4.209103349631050150e+00 5.514344361625816575e-05
3.534659288185224568e+00 2.665661976551001544e+01 1.269974314238963586e+01 6.505116177506167219e+00 1.746943510369528274e-01
1.975816963256789904e+00 3.138354754067108843e+01 3.688175679973696219e+00 1.557952858743077229e+01 5.676998430900348502e-02
2.495460805184848141e-01 8.477854801224282255e+00 9.680800894098808840e-01 6.040655418672997712e+00 8.103208976308576283e-03
1.791750891603697937e+00 8.256489104003179591e+00 6.484575342389007346e-01 9.849288217991500005e+00 7.796950028215956889e-03
4.771567517270312919e+00 3.664952842675879197e+01 2.746216473705467109e+01 1.436205709028301669e+01 2.407620038808502005e-01
3.743997061480115462e+00 3.637769915335772453e+01 2.167874670259634229e+01 3.937588012913209923e+00 2.430733695573298880e-01
6.407161877687599372e-01 1.771697418478879626e+00 2.042538603536438302e+01 1.096881345084187842e+01 1.671082498938558925e-01
7.408540051869749732e-01 2.149043616948745239e+00 6.035487499477937945e+00 1.894753627822433373e+01 8.798459627407960448e-02
8.505563143582719476e-01 8.189454030012512931e+00 4.200492783886744519e+01 2.981181774728327127e+00 2.302441777167000547e-01
3.523256955766328247e+00 2.539254578102600135e+01 3.493124253539089352e+01 7.791127855199704300e-01 2.890282543001084226e-01
2.070722235329469640e-01 2.165028925612122634e+01 2.587887815883981091e+01 2.016418517883096229e-01 2.227920058110657298e-01
7.506012862394015883e-01 1.004867002952863686e+00 5.085069184631976213e+00 4.537633811016462460e+00 6.027884981511616447e-02
1.316146078302892874e+00 6.929448839666775939e+00 2.392213673017252518e+00 5.603512162506760319e+00 3.010696270166761737e-02
5.192426236014284768e-01 3.893477474194071419e+00 6.129722699563444621e-02 6.389836863407566625e+00 8.159215243072891503e-04
1.339427005981661978e+00 7.504705897602889308e+00 8.109471359034415627e+00 1.093713165693910128e+01 1.115191262189168808e-01
4.140414336319309996e+00 2.969966727001781237e+01 3.865164975574686679e+01 4.958863838562351134e+00 3.599822246731483877e-01
2.544304667843164225e+00 1.169558940339618403e+01 3.550058751848494865e+01 1.458497539251013109e+01 2.734130488555702732e-01
2.708084870894055030e+00 6.437290346831872512e+00 2.183301182748436986e+00 1.132950193393371308e+01 3.016287505804631647e-02
2.703882977573840662e+00 3.896105004533708893e+01 1.922385289258261309e+01 1.977099413118442328e+01 2.788466888610608985e-01
6.093560507036954732e-01 1.272646508877363658e+01 1.321067666620828618e+01 2.249875405906338699e+01 1.684046255487123001e-01
1.860665029243278923e+00 3.599682291042825000e+00 6.550560009796157601e+00 1.256516169951514428e+01 7.374845907965837943e-02
3.137112368286523179e-01 4.919177960602581834e+00 2.877235959513271268e+00 8.020680717013718208e+00 3.458272938799108326e-02
2.808559182535105947e+00 4.157083383991789560e+00 4.396779850411761004e+00 7.321824526924018528e+00 5.782047001041569489e-02
4.572203738156474628e+00 2.756667504910410571e+00 6.025568509482411628e+00 5.780016785717492667e+00 7.904266340811909319e-02
4.751129364767677998e+00 6.325985896274914921e+00 8.045750929211038738e+00 5.941662604012108773e+00 1.158439866141162955e-01
4.189756762415242974e+00 1.068326845784687862e+01 1.193564126330126385e+01 5.685688974461783118e+00 1.689100287932280009e-01
4.144645280311891611e+00 8.321861233457724438e+00 4.882351416535229305e+00 1.254301903225425008e+00 7.185537098522626343e-02
4.204200707349201593e+00 9.218246103860337826e+00 5.081212744718811791e+00 8.200110868713167633e+00 6.699211927001963440e-02
1.425742480137444090e-01 3.628340038774513232e+01 1.477704807956574484e+01 1.779436615894198326e+00 1.948986569714583894e-01
2.464201520031281234e+00 3.516140249868499268e+00 2.141009407698234668e+01 4.762812878640119152e+00 2.598858715951015141e-01
1.486578605851605062e-01 1.649581658024317221e-01 5.333702438076969088e+00 9.685376573781113052e+00 6.757596837211868324e-02
8.624446169013708641e-01 5.148687247269606360e+00 1.605719881821599415e+01 7.504128180312079621e+00 2.029237759639531125e-01
1.050011665801903860e+01 3.203578262981164926e+01 3.525664584288183789e+01 1.322200418214322326e+00 4.345506612708487371e-01
2.345507326310780627e-01 1.821779667954916704e+01 2.949978999719788675e+01 8.023364661321238600e+00 3.310438452016984945e-01
2.938731579170962505e+00 1.982899583733831150e+01 2.430886319664024597e+01 1.064380925123330712e+01 2.958269969939808508e-01
2.990435337449468989e+00 1.139672985009428885e+01 1.204053312003409815e+01 9.752946876252892139e+00 1.487049660070927926e-01
8.683350378621810250e-01 8.763986890516861195e+00 8.331906885327910572e+00 6.655311117458580839e+00 1.043835514574657924e-01
1.173170182274986928e+00 4.995560001541264228e+00 7.447611257347247715e+00 5.710248877685785374e+00 9.777997148006768724e-02
1.558469190813269734e+00 2.475737595148387982e+00 7.042075948597954493e+00 5.468544540295241063e+00 8.947231051981019423e-02
1.702893002944648515e+00 3.369683731767679546e+00 5.372994186288664764e+00 4.072980913488578381e+00 6.837432419302744147e-02
2.588802571652848883e+00 8.915644928955202886e+00 6.145869024662289348e+00 1.066104467821330104e+01 7.930364127299827093e-02
2.162958284905698747e+00 9.444333044357307472e+00 5.006282346499332903e+00 1.133447430070155804e+01 6.529995171781000085e-02
5.219492061910386838e+00 2.118786767792056480e+01 1.485068230888735741e+01 6.651380502316911247e+00 1.992189647970711019e-01
5.588344122781336409e+00 3.322915850629726719e+00 3.717909543198331335e+00 8.363797698975290018e+00 5.097464328736718564e-02
5.300459425402863189e+00 9.807277983607775695e+00 5.231931344266754991e+00 1.924222043408360605e+01 8.235023670316059252e-02
3.158369149931189668e+00 4.619294294383820443e+00 1.508914309937247822e+01 1.457019380464861058e+01 2.221748127082621427e-01
2.153097835675055194e+00 1.235598915307642187e+01 1.351127370296644870e+01 1.159243012908370929e+01 1.969959844426345807e-01
7.782240063279743936e-01 9.664241942664688167e+00 5.789054360157905421e+00 1.570385667354585735e+00 8.265303699195886145e-02
2.372756700076195102e-01 7.639620207503298843e+00 3.972223324718996196e+00 7.352917587228461116e+00 5.543251626688203842e-02
8.986604455759845678e-01 8.041269244140295314e+00 4.627623572397283169e+00 5.522975631581999778e+00 6.513495666959123742e-02
1.675647534530043004e+00 8.709084417655049037e+00 2.347727868287933006e+00 4.643716807466518048e-01 3.305265166693608508e-02
1.921594131950712381e-01 1.310271119354791836e+01 8.458642897155414175e+00 1.127036543050294881e+00 1.190879638308851712e-01
6.688538052629581898e+00 6.072690960651527803e-01 1.551821472417219638e+01 3.765719563982230511e-01 2.264899386443731677e-01
2.782938210393893996e+00 2.025568458445215470e+01 3.057423951498032011e+01 7.506869723731597333e+00 4.709534929920729529e-01
8.258809471062221519e+00 7.951600907623259218e+00 8.266213245884813432e+00 1.228332132987736713e+01 1.137603453128502445e-01
2.708699569257873918e+00 4.632296763273217266e+00 2.798167630049875498e+01 1.364238083523018474e+01 3.698786039734466291e-01
2.304796896919356186e+00 9.634761730778876654e+00 1.712344155601712714e+00 6.857132757815975310e+00 2.156046397027653466e-02
4.812700179337696227e+00 1.020330643022111872e+01 1.365982339295925385e+00 1.137282499545783310e+01 2.192963178089336190e-02
3.433559254199082034e+00 6.392520986291572171e+00 3.635530120308544610e+00 1.008240903330059268e+01 4.393032905177439440e-02
4.931661519934039006e+00 2.390159691481130722e-02 6.896225962108914587e+00 1.810554756551321987e+01 9.033372050142979282e-02
6.152354693407204422e+00 2.252143126979785848e+01 1.865295098899117932e+01 3.427105982132488293e+00 2.367818471714704665e-01
6.335412634437517454e+00 3.769148527201392085e+01 2.426695895182315610e+01 1.268977156828340469e+01 3.637886575980889825e-01
6.364337183546325605e+00 1.273747981211491265e+01 1.595664426308488260e+00 4.359685711157615629e+01 2.703271639703789739e-02
3.887552531604967498e-01 1.583159967900661513e+01 1.785396763755358052e+00 3.135818625972675022e+01 2.936963236677700775e-02
2.125276983148921772e+00 1.187408375792952597e+01 2.955004453256449892e+00 1.876701013650379934e+01 4.790038870231927426e-02
4.972861277095091737e+00 3.123497785942817018e+00 2.512803445236080790e+01 7.943920283875996802e+00 3.262628167267006551e-01
3.386601282922924838e+00 4.768989509727077802e+00 1.380706705132368484e+01 1.743174089895290990e+00 1.589093831473168961e-01
1.124447464728035584e+00 9.830103058946519923e-01 2.029516650814817069e+01 1.767800999412084195e+01 2.480708702352060202e-01
1.594980331788917738e-01 1.006739049303303091e+01 1.621583380292483412e+01 1.226853536261752708e+01 2.084158596267772778e-01
5.301618204090914332e-01 1.179288544260853655e+01 1.566935102625693332e+01 1.154083067349982628e+01 2.065525924627742427e-01
6.681196408583502944e-01 1.608675887905536683e+01 1.769755746944638020e+01 8.650058199587334684e+00 2.360469457673032012e-01
1.595261199620352954e+00 1.990794893953619749e+01 1.898404713753213002e+01 7.616549103750045902e+00 2.539720257104801648e-01
1.650776800160286939e+00 1.593479584110588121e+01 1.223610235503002741e+01 1.204607332770360983e+01 1.608525654851422071e-01
1.598456689753902538e+00 5.558993952501651847e+00 1.008646835478445780e+01 1.597946985507741147e+01 1.513337160083645661e-01
1.665857842349254270e+00 2.501776630612710051e+01 1.594375372742571528e+01 1.021608921517525914e+01 2.212842435556790222e-01
1.224309434906928118e+00 2.629976035026606951e+01 1.790347261879928453e+01 1.575685330997791311e+01 2.533161343417022482e-01
1.114727151159058849e+00 2.311890007204422659e+01 1.845498314205603663e+01 1.402851151792263806e+01 2.603480240037147619e-01
4.198872750332327541e-01 2.249129327282503255e+01 2.075838079823593318e+01 1.120363917631878792e+01 2.952883023315934774e-01
3.189980248422443765e-01 9.381076506943600180e+00 2.481954348563976964e+01 2.658431286956869144e+01 3.928841329064499122e-01
9.759393373288673956e-01 1.283906910688267544e+01 2.686879024068706201e+01 2.094412238216166600e+01 4.002472378181952117e-01
1.723465383989037036e+00 6.112047469675928824e+00 4.446732837006507566e+00 5.230715521078153074e+00 5.993231301151916851e-02
1.148521552953866376e+00 3.950774464200350167e+00 3.719583336945220253e-02 1.038322970381896937e+01 5.525202103482474217e-04
8.359956742548888542e-01 3.904091678475111848e+00 6.907504348551753992e-01 5.352751089801785156e+00 1.046837047708104596e-02
3.097971413447879740e+00 2.346972923675792799e+00 1.630199934106840942e+00 2.723704625820708713e+01 2.975104062372977906e-02
4.239072603740879686e+00 2.012836579190491193e+00 3.516534272939566108e+00 3.176796271693886808e+01 6.324806594347896771e-02
3.177479675718728913e+00 1.300203669524393035e+00 4.293209392311325701e+00 2.408845086085068488e+01 7.419692437540556518e-02
4.835994418238982462e+00 1.300684642408157288e+00 5.297713606132262498e+00 1.979772843204722221e+01 8.890235836223830956e-02
6.777816718200710966e-01 6.616449296274623748e+00 6.588236890030714221e-01 1.723484946543295848e+01 9.480348094433497033e-03
1.960709969397811392e+00 1.428569930548411548e+01 2.168884158630204695e+01 2.158104911019853489e+01 3.126256727853622963e-01
2.162704764845159389e+00 3.218852441826015820e+00 1.682586874618422712e+01 2.339372277092229524e+01 2.413819797189934724e-01
5.124830224431491388e-01 6.424408349937806406e+00 6.983599773215019013e+00 8.269777380614584672e-02 9.474738319349781945e-02
1.850585276177611149e+00 1.986236499226379237e-02 1.883213724195229588e-01 3.946432959083523428e-01 2.362952954435300085e-03
2.300336526109617807e+00 3.117474494234500071e-01 2.518447192176566318e+00 4.031607925042749230e+00 3.260117526313821568e-02
1.359736057800461140e+00 2.518285767007796494e+00 4.762874095721883805e+00 1.294489176630662541e+00 5.887586499384850347e-02
2.154057354091463594e+00 4.423501977853476319e+00 4.963730694437899160e+00 5.436239169891479150e-01 6.112468653927363715e-02
3.011916500377168404e+00 3.912156430707455002e+00 5.279514349082944591e+00 2.883925891143235276e-02 6.443876396153443153e-02
3.496444895895166383e+00 7.665591778822999913e+00 5.794841151138001578e-01 1.229569741706299624e+00 7.910410502672358263e-03
1.779375142571865354e+00 4.610400347645907004e+00 2.007845681309447627e+00 2.257942408109911980e+00 2.737719503856498454e-02
1.056276802589877661e+00 5.351369574722752986e+00 3.085850266973309886e+00 1.130972762420427102e+00 4.285090243650477304e-02
1.763896371085621695e+00 5.891069677030060348e+00 3.951137192295306022e+00 3.866304114254162982e+00 5.882594421616457042e-02
9.982302799959938966e-01 9.476356394626151314e+00 1.935033859493941577e+01 9.325603620207843392e+00 2.810657337958006874e-01
8.995597798599987982e-01 8.864262874040576889e+00 1.221216911449708675e+01 1.836039107447153640e+01 1.713601171407902746e-01
3.819390186047257885e-01 2.467791925491525262e+00 7.040575322706800421e+00 2.597228460878079659e+01 1.194765389456734772e-01
4.270576602788480614e-01 6.371792371863591598e+00 1.107824421892904354e+01 7.856406963908582952e+00 9.526453120277103559e-02
3.067685414370316721e+00 1.184427962826092084e+01 1.211440396500304928e+01 5.843359648109770887e+01 1.903084939780617935e-01
7.177513349254638797e+00 1.646824850679217889e+01 2.587506792643355880e+01 5.074864958721369135e+01 4.355715077417370851e-01
6.063474809070186211e+00 1.368380014549472889e+00 1.243024092240563050e+01 3.422714320196710247e+01 1.865166906263711899e-01
5.991072822857915980e+00 3.746852612321731613e+00 3.211444970032317769e-01 6.003057319435328054e+00 2.174377146203052176e-03
4.037585146485497489e+00 1.853808572985684577e+01 3.793034672088144532e+01 7.015304587120908764e+00 3.801341241784884084e-01
2.639158775989926653e+00 5.390868888810985027e+00 1.102307830498105545e+01 4.398281860850028835e+01 1.727209410527945355e-01
3.788614229269455791e-01 4.297628303936306793e+00 3.077281127351626822e+01 9.069275308215821951e+00 2.870564384125864899e-01
3.023734542043797546e+00 1.236484427412381137e+01 3.899238270591033029e+01 2.206925182038068556e+01 4.427584230303802104e-01
1.820631851996949990e-01 2.546840622494016770e+00 9.717857817439991663e+00 4.717692761051921480e+00 3.347999303880762334e-02
1.319375968666065546e+00 6.264606945577497754e-01 1.364088014682046435e+01 3.398604839087241203e+00 7.873797281664335346e-02
9.181745658393651865e-01 6.504952357434206078e+00 4.938364248585511262e+01 2.328827268091515634e-01 3.458844517206081659e-01
4.980328991836643127e+00 7.687591911717703397e+00 5.793164872400805621e+01 2.613638518630239105e-01 4.531776655094044703e-01
6.832699750789430482e+00 3.930192652898520578e+01 4.759047552569833783e+01 2.149513195350479577e+01 4.514097590340118149e-01
3.277957770176783470e+00 1.352973160615951542e+01 3.351056523716451352e+00 4.833128243874142527e+01 5.950897804746126118e-02
1.937905412161626373e+00 5.740543246521497167e+00 2.772566502516947651e+01 4.859253579800403600e+01 5.170079319474830681e-01
8.205971262087189189e+00 2.573694851281118190e+01 2.807413411055597408e+01 9.188974853234824991e+00 4.261119460176330254e-01
1.476363247789407751e+00 1.764290273013531873e+01 2.586491103261943181e+01 3.181519978883697775e+01 4.101026013241491630e-01
7.195931971456644760e+00 5.430248295441721496e+01 4.291634644680194555e+01 1.101291529805146752e+01 4.358905713887869515e-01
5.662517635605439636e+00 2.069240420889246934e+01 1.517457368258364170e+01 3.548054032758781773e+01 1.367113259424420635e-01
2.131260407335730633e+00 9.132594713125087083e+00 9.302523707994225788e-01 1.517824265012703222e+01 1.068336770752597795e-02
1.576133087306260450e+00 1.108895269227616609e-01 1.980410093299133223e+01 1.749949518753957989e+01 2.682643830966287002e-01
1.288103653150329819e+00 1.505625371529868062e+01 1.745322329609068390e+01 1.232814094715379838e+00 2.403892843489182085e-01
4.817438962086157517e+00 4.310998866816817099e+00 1.788114152880827135e+01 2.920196072447718194e+01 2.280014867767374831e-01
1.003328288579444916e+01 5.751047759797700110e+00 1.963184658716356523e+01 1.021383687749917613e+00 2.630825352056360700e-01
5.778413949999787746e+00 7.452894346380730894e+00 2.360772382111443335e+01 4.709210140355438057e+00 2.748215417893127843e-01
6.931172067790868141e+00 2.621976758855538492e+00 1.629512759496236640e-01 1.404516578208870214e+01 2.533630226696854254e-03
7.241756595473873404e+00 1.079315328596635482e+00 2.245202086105616957e+01 3.252981760046722570e+01 3.865641726468509454e-01
6.347194351354886521e+00 1.537577672708152932e+01 6.134314313745491631e+00 1.031968919352458158e+01 9.804966788291394342e-02
5.434702695041181641e+00 8.417822200586783765e+00 4.387146449359903499e+00 7.109727253017055659e+00 7.782882581725934779e-02
4.160764202618565832e+00 7.091420977035170381e+00 4.552370677298412716e+00 2.147448112225404770e+00 6.123859105711152578e-02
1.877094803748491358e-01 2.763586530138837816e+00 6.591404606433201252e+00 2.445659089499585548e+00 7.929611810951364692e-02
1.381414503112296188e+00 9.425265103807902278e+00 6.310766541540573371e+00 5.546180748450225906e+00 5.332588233964584423e-02
6.478581152646199826e+00 3.623864754038834235e+01 4.702513905907382963e+01 4.683043275314588527e+00 4.786736143676901256e-01
3.304953537296512422e+00 1.557215297084763961e+01 4.673196808343075759e+01 6.052028989606625942e+00 4.632157443673276531e-01
7.327952423480041944e-01 1.118587456285831649e+01 2.061123273577707948e+01 4.029458967053756169e+00 1.892860597703699410e-01
1.576190176300400481e+00 7.872396643453015486e+00 3.252038831405708663e+01 1.565281411330524008e+01 3.287579222404327095e-01
2.903647790523763206e+00 2.139169435379329798e+00 2.928902396023767096e+01 3.912699097549037219e+00 3.127607732532735607e-01
1.161346370055485977e+01 2.629634470897352116e+01 4.006456091182036516e+01 4.908747071420677344e+00 4.678940019841491549e-01
1.025112627992558600e+01 7.071718264406769094e+00 8.968157440998055563e+00 1.656011059955085329e+01 1.570577111707073814e-01
3.593983970402462091e+00 1.011717241000886247e+01 1.046840841666779909e+01 1.085635386304869598e+01 1.698016486157977734e-01
8.860835555045156298e+00 3.310034772497488120e+00 1.889837591173261444e+01 3.306385492725924280e+01 3.227449226213036093e-01
6.213339588598842056e+00 4.922973645704189494e-01 1.302225123372637938e+01 6.609519757641507454e+00 2.040459694192208739e-01
4.372107804084691907e+00 8.766642340304059644e+00 1.139373898283254505e+01 1.857586298901409805e+01 1.574824267230698904e-01
3.212912204307485808e+00 5.182215389877228517e+00 1.218435028789851060e+01 3.063575539362497580e+01 1.471748944632886302e-01
3.584873688351393639e+00 5.103298863865575186e+00 9.231691458769276437e+00 2.628977559421940668e+01 1.228273323003133272e-01
3.146788865674153612e+00 9.352625580635077540e+00 1.116626237783141562e+01 4.542126135636820550e+00 1.373308128185093957e-01
5.969699989434644749e+00 3.470512380379972228e+00 2.702158694418353235e+01 8.339654532869104742e+00 3.720543773481098104e-01
5.832619553934847545e+00 7.645043488461993775e+00 2.490655898597819373e+01 1.725922756050808005e+01 3.640054338960086455e-01
3.910545971301388590e+00 1.696295694524212649e+01 1.822422311926793270e+01 5.304070129188062310e+00 2.641549696132891589e-01
7.580992005388907273e+00 6.318487772744731501e+00 1.509658165645124939e+01 4.104098013041536319e+00 2.292068745051661360e-01
1.978464381029425567e-01 8.452298237833133498e-01 1.004054231025108379e+00 8.662612196063435022e+00 1.382435269590168332e-02
1.379945740810711641e+00 3.075003980165575967e+00 2.052056846198553330e+00 1.818611537283075563e+00 3.097325196745979309e-02
8.206477942375158818e-01 3.190127245064616091e+00 4.922511342000177592e-01 4.169682902422252369e+00 5.112520454255599020e-03
2.193646984745242889e+00 5.369044183556752614e+00 3.282364865522256991e+01 1.217961970077681144e+01 3.101575637689179543e-01
3.415399257570072677e+00 2.957359562911278772e+00 4.037818398292289146e+01 2.234703509759039264e+01 4.172470253398285478e-01
2.782438376389819723e+00 5.157566525409009728e+00 1.270295343985674208e+01 8.836217881749107050e+00 1.926061183635012219e-01
3.569477547778490134e+00 6.536251368319369703e+00 2.651114921144819192e+01 3.327744855131409452e+01 4.514282581155144025e-01
9.200321092753114272e+00 1.121892774022441586e+01 1.523953005503895497e+01 6.574241658698070978e+00 2.378979111226742493e-01
1.004054467493236302e+01 1.622832976158994711e+01 7.082561529018050805e+00 1.500180635463681256e+01 1.169548015045001887e-01
4.791377765790599597e+00 6.043343419183088372e+00 1.754080774787345831e+01 1.978220236893537276e+01 2.533295857813100960e-01
6.639632407399005842e+00 1.476085019334669823e+01 2.723751776749038100e+01 8.497470205215464034e+00 2.203425093009389601e-01
5.132048084877482097e+00 3.172462547851353065e+00 1.113495680351667261e+01 1.774561275609322308e+01 1.662843260094990505e-01
2.179632145467451210e+00 2.639604800458812406e-01 2.302457089425459458e+00 2.114242446540316678e+00 3.329903922810800027e-02
6.408942738472291012e+00 1.566368410177341275e+01 1.420954463189295325e+01 5.558213779150563028e+00 2.140156570660156632e-01
2.301012983371151677e+00 9.103377403676830681e+00 6.028336766295694815e+00 4.127494795597485222e+00 8.652079844588822510e-02
2.217798265558712956e+00 4.125499037794355672e+00 9.592004703125098786e-01 2.327138252287141995e+00 1.523781255990393907e-02
2.342227015756719766e+00 4.126919304186230875e+00 1.853596850492280623e+00 5.178090980645066566e+00 2.869820167490936408e-02
3.873142389974475464e+00 1.236974931909060160e+00 1.421230876641698160e+01 1.502361944290581164e+01 2.203296520139760017e-01
1.239092467287690624e+00 6.868378801308637094e+00 1.734448855633648634e+01 3.282778477899086056e+00 2.370591863179788150e-01
1.345727381668694989e+00 3.057553984249267387e+00 1.124931947974296520e+01 3.450147313319277487e+00 1.484197250077763930e-01
1.203691761796648052e+00 3.372512997079979868e+00 5.484365156807626818e+00 2.711684787903664073e+00 7.639632736033953597e-02
9.169011671334317271e-01 4.218190370977652037e+00 4.192286222452196398e+00 1.908318615032058574e+00 5.793565924896226099e-02
8.279864057209920247e-01 1.608449815282909867e+00 1.187525307009929065e+01 8.407014759947458060e+00 1.808874024263096847e-01
1.271496951057395108e+01 4.872750639883267354e+01 3.294040801341300551e+01 6.018271733337186902e+00 5.020940896829825251e-01
2.388873075761637210e-01 1.193981747191250520e+01 3.648315660167850183e+01 9.536574583797019500e+00 5.057274252034109630e-01
3.692492538596923168e-01 4.847238613950992203e+00 2.141734536102633513e+01 1.028365012660785283e+01 2.559383908971608612e-01
1.300137270552852442e-01 4.370537138863738846e+00 1.036641804292891322e+01 9.733209380906203023e+00 1.304465975038071879e-01
1.527180973483211801e+00 2.376133584461530290e+01 3.832094185304029565e+00 7.387726456833050293e+00 5.040650499143690261e-02
5.092528150295635214e+00 1.993524593457303240e+01 1.252891393036688328e+01 2.787563725784282553e+01 1.874369010806902491e-01
2.756395261966133603e+00 3.118920587954741563e+01 1.142004897732118707e+01 3.875145551338403038e+01 1.613282075859144016e-01
2.309318813540443216e+00 2.572904120992205890e+01 2.486308213381477117e+00 3.033407767451619463e+01 3.294302994430416825e-02
2.035365575933269611e+00 2.240420904269285529e+01 7.497591355999674079e+00 9.304902785016224698e+00 9.508942110991477903e-02
2.200006426985112284e+00 1.544886841984825310e+01 5.406238931001595915e+00 1.988076543741973978e+01 7.241978132766827003e-02
1.784026383142247596e-01 1.609493269297664142e+01 9.779833870840846544e+00 1.520666552418261119e+01 1.336649701336051765e-01
8.588040202527622569e+00 1.753639964492774084e+01 1.173838483545580402e+00 1.690551013479677067e+01 1.677357437418570962e-02
2.740455768601663067e+00 1.014289218144108418e+01 2.640614550890888523e+01 1.688934040204027554e+01 3.690616495068120284e-01
2.343681390634259287e+00 8.245069484650798586e+00 3.180759163161397396e+00 4.549570291058685712e+00 4.697154986062391374e-02
1.011816628835561005e+00 1.868210956890720809e+00 2.756046597920601471e+00 4.477534299322911693e+00 2.957072633132864711e-02
1.644498905474335970e+00 1.746754021190838557e+00 1.560544817339453516e+01 1.866581785266490101e+01 1.881692983911007477e-01
1.342929485250067501e+00 7.095078065210742579e+00 2.410292466478078666e+01 2.120677961925608201e+01 3.097532514120246994e-01
8.749775888344686336e-01 1.290714745049834278e+01 1.830745673185847977e+01 1.834710420562070965e+01 2.719341820515267516e-01
2.010591990531565898e+00 1.351018710754971153e+01 7.785382030380176843e+00 3.044488215999989222e+01 1.268675308751427422e-01
3.418398225234028587e+00 1.506154319277985110e+01 8.361130859965996365e+00 4.227257374248594601e+01 1.352808283978608472e-01
4.100089353044580776e+00 1.348375214115770859e+01 1.436912349367011643e+01 1.855333597947883106e+01 1.859814787645989176e-01
3.441260134536236137e+00 4.794491268722794075e+00 1.383225030553559520e+01 1.753167708915096057e+01 1.724803982268716673e-01
3.849477090513829580e+00 5.803215859285757006e+00 2.626849085692792585e+01 2.561751820462480111e+01 3.756756285842588472e-01
4.119136119538353569e+00 1.304882794560066372e+01 2.057616061588295508e+01 3.101055862090765203e+01 3.356380817088057689e-01
4.394911716659890999e+00 1.735900812483973255e+01 1.588128317836752501e+01 1.971559597398194796e+01 2.620472521809818489e-01
4.603350796892470953e+00 8.219854932660894065e+00 8.022207167500340574e+00 4.042021273718421526e+01 1.356072523925276885e-01
3.336107099638070395e+00 4.602761315470729642e+00 2.720359158171881120e+01 3.455579554829147071e+01 4.243063431278291664e-01
2.369902380728547087e+00 1.148324258389916963e+01 2.544366457591367237e+01 1.095289491570638063e+01 2.742163718072033740e-01
6.699934458701477524e-01 5.214603980609751943e+00 1.862653848517265942e+01 1.834120970608103107e+01 2.173452822628105796e-01
1.099578303225030140e+00 1.929411265179425072e+00 2.368081802991338236e+01 2.056922651753781395e+01 3.264972344770075141e-01
2.291427443086917037e+00 4.397352986651696938e-01 9.921749837592216181e+00 2.003102220421936863e+00 1.389672420465580815e-01
5.083897546530295131e+00 2.487148261444190211e+00 2.199095062260850852e+01 1.710346952032888623e+01 3.153674763435017070e-01
8.078055030752580024e-01 6.626137845068427623e+00 6.796793869185549397e+00 4.679000132467280082e+00 8.518168064171126319e-02
8.462393358145163802e-01 6.691847023523706639e+00 3.343229077636408419e+00 2.599856835197840610e+00 4.228474764233801364e-02
6.794872075365958608e-01 7.188085146286681493e+00 1.884983986686094681e+00 2.596366813154190822e+00 2.478038970629297191e-02
1.671949273868165164e-01 9.577840192863504853e+00 2.258487866373542374e+00 3.614726721582101732e+00 3.292377297910111661e-02
2.440797819425881698e-01 8.476601479338881973e+00 4.529173534044318217e+00 2.015452359188799392e+00 6.500789743085821915e-02
8.308343252398913137e-01 9.065856054078921034e+00 5.846659114248666356e+00 2.160857455373573544e+00 8.335743183416180480e-02
1.049852708710631077e+00 9.712150367551032559e+00 6.226825821178252340e+00 1.196447607960905657e+00 8.652477135488978455e-02
1.030385998472496567e+00 9.315333026595510546e+00 7.457928059866830495e+00 3.646029463242385305e+00 1.050939121727911124e-01
7.104255175117373255e-01 6.597920576294995954e+00 6.602108282029519160e+00 4.081430691641230624e+00 9.940919765100836303e-02
4.069865416949198789e+00 3.120180892667292483e-01 6.950429249898007811e+00 9.592548400183261492e+00 1.035289141204138175e-01
3.659893123563534800e+00 2.470919835413837973e+00 5.948459951241673593e+00 4.902634450271349920e+00 8.929579768327983169e-02
2.887928679340546978e+00 1.582288814336124005e+00 4.985349570163990052e+00 5.065319238744137920e+00 7.654266599330034060e-02
2.683154600159554093e+00 1.152276167483989866e+00 3.396542867237599239e+00 2.342594079602108081e+00 4.802819984543386239e-02
2.803889416857174410e+00 4.987962736888221116e+00 2.810768487614424771e+00 8.134497505891573610e-01 4.091459570292955289e-02
2.350482437244693301e+00 4.994830143314970883e+00 2.042058177819043863e+00 5.959103247523955815e-01 2.881702231571400125e-02
1.401562414704045523e+00 3.801108367148771094e+00 1.756120157354942535e+00 6.244488074680987211e-02 2.516673261179502852e-02
1.585545740899306111e+00 1.211736078998370658e+00 1.925398392233432787e+00 2.669904120875017384e+00 2.465701097047840601e-02
1.764047637792629075e+00 3.899789878844472923e+00 7.296704236647428843e-01 3.738602818979188669e-01 9.334227288730611097e-03
5.330922553394572105e+00 1.291611982625511246e-01 1.749278231880617795e+01 5.508677670947648153e+00 2.800254522581793193e-01
2.344677758358784558e+00 7.160791238997092023e+00 1.740153706795170763e+01 2.760743151598489931e+00 2.585645347745765266e-01
1.686503078684154389e+00 5.938298871013898861e+00 1.353234766956215651e+01 1.132507072319462793e+01 1.868693039405704415e-01
1.903899256028466880e+00 1.315754468766309060e+01 1.721437593264022325e+01 1.003420195533453807e+01 2.429088991292322475e-01
